# Camera list with one line of data per camera:
#   CAMERA_ID, MODEL, WIDTH, HEIGHT, PARAMS[]
# Number of cameras: 24
24 SIMPLE_RADIAL 1080 1920 1695.2266403597314 540 960 0.00057655129414051632
23 SIMPLE_RADIAL 1080 1920 1709.0330627003757 540 960 0.0080379722816346765
22 SIMPLE_RADIAL 1080 1920 1709.7998265108324 540 960 0.018495539022608629
21 SIMPLE_RADIAL 1080 1920 1717.0679181111886 540 960 0.020631760932636186
20 SIMPLE_RADIAL 1080 1920 1712.8582237518688 540 960 0.024709720759422227
19 SIMPLE_RADIAL 1080 1920 1717.0274079663757 540 960 0.026525572986536437
18 SIMPLE_RADIAL 1080 1920 1716.4312998035232 540 960 0.028633941999714536
17 SIMPLE_RADIAL 1080 1920 1715.4167303125071 540 960 0.026105341292329817
16 SIMPLE_RADIAL 1080 1920 1712.1425196292007 540 960 0.027997589873343161
15 SIMPLE_RADIAL 1080 1920 1702.7031323970486 540 960 0.02782037528396214
14 SIMPLE_RADIAL 1080 1920 1723.5533425387005 540 960 0.023564248184041278
1 SIMPLE_RADIAL 1080 1920 1692.5575025406811 540 960 0.04316777609555536
2 SIMPLE_RADIAL 1080 1920 1692.0521148332341 540 960 0.044120942400591188
3 SIMPLE_RADIAL 1080 1920 1697.9257805544878 540 960 0.045430612536074388
4 SIMPLE_RADIAL 1080 1920 1705.6535291572056 540 960 0.040748675951556103
5 SIMPLE_RADIAL 1080 1920 1703.3503287803369 540 960 0.03611803846929882
6 SIMPLE_RADIAL 1080 1920 1699.4695110843863 540 960 0.026698565806693782
7 SIMPLE_RADIAL 1080 1920 1705.9086300590541 540 960 0.026944997725194677
8 SIMPLE_RADIAL 1080 1920 1705.2002643972432 540 960 0.024811999643434224
9 SIMPLE_RADIAL 1080 1920 1709.0523287426972 540 960 0.029188541865137717
10 SIMPLE_RADIAL 1080 1920 1709.8225966238958 540 960 0.033628875024388612
11 SIMPLE_RADIAL 1080 1920 1700.9927645896564 540 960 0.031709160683036419
12 SIMPLE_RADIAL 1080 1920 1706.7250201608535 540 960 0.029875479611796988
13 SIMPLE_RADIAL 1080 1920 1726.6034215668656 540 960 0.021700881784866319
